Datum;Eröffnung;Schluss;Tageshoch;Tagestief;Volumen
22.11.2021;142,980;-;147,260;142,480;-
19.11.2021;139,500;142,080;142,080;138,740;17.377
18.11.2021;135,620;138,460;138,540;135,000;5.448
17.11.2021;133,680;136,200;136,820;133,300;7.857
16.11.2021;131,880;133,500;133,720;131,600;11.015
15.11.2021;130,980;131,820;132,640;130,980;12.577
12.11.2021;129,200;130,800;130,820;129,000;4.447
11.11.2021;129,120;129,140;129,840;129,060;7.985
10.11.2021;129,720;129,380;130,220;128,000;18.911
09.11.2021;129,520;130,240;130,540;129,480;17.006
08.11.2021;130,700;130,000;131,260;129,720;5.700
05.11.2021;130,000;130,300;131,660;129,860;7.432
04.11.2021;130,900;130,880;131,600;130,680;6.245
03.11.2021;129,120;130,340;130,340;129,120;7.441
02.11.2021;127,960;129,780;130,840;127,960;11.084
01.11.2021;130,280;127,720;130,280;127,720;5.198
29.10.2021;125,700;129,020;129,560;125,580;11.820
28.10.2021;128,060;130,660;131,080;128,060;6.575
27.10.2021;128,800;128,740;129,000;128,020;11.900
26.10.2021;128,480;129,020;129,360;128,100;6.513
25.10.2021;127,980;128,160;128,500;127,000;5.333
22.10.2021;128,280;128,260;128,880;127,860;6.280
21.10.2021;127,420;127,640;128,400;127,180;5.067
20.10.2021;128,000;127,380;128,520;127,160;7.584
19.10.2021;125,980;127,960;128,040;125,980;7.252
18.10.2021;125,040;125,640;125,660;123,940;3.950
15.10.2021;124,020;124,380;124,500;123,780;6.267
14.10.2021;122,340;123,920;123,920;122,020;4.295
13.10.2021;121,400;121,240;121,920;120,520;4.690
12.10.2021;123,000;123,180;124,200;122,520;6.590
11.10.2021;123,560;124,300;125,000;122,500;4.753
08.10.2021;124,480;123,720;124,500;123,480;7.300
07.10.2021;123,980;124,680;124,680;123,500;5.267
06.10.2021;121,500;121,420;121,580;120,000;17.058
05.10.2021;119,920;122,380;122,460;119,840;6.835
04.10.2021;123,000;119,220;123,000;119,000;7.785
01.10.2021;122,020;122,000;122,520;120,000;9.959
30.09.2021;124,000;122,900;124,220;122,140;4.155
29.09.2021;122,200;123,460;124,160;122,000;7.908
28.09.2021;124,020;121,620;124,020;121,560;6.030
27.09.2021;126,160;123,960;126,160;123,000;4.496
24.09.2021;125,000;125,180;125,180;124,060;5.224
23.09.2021;125,460;125,080;125,880;124,640;3.906
22.09.2021;123,180;123,700;124,000;122,560;4.063
21.09.2021;121,600;122,600;123,680;121,600;11.113
20.09.2021;124,460;121,580;124,460;121,100;17.753
17.09.2021;126,400;124,620;126,780;124,500;5.441
16.09.2021;125,980;125,720;126,620;125,340;5.923
15.09.2021;125,980;125,540;126,120;124,000;8.221
14.09.2021;127,780;125,980;127,780;125,780;13.056
13.09.2021;127,020;126,260;128,160;126,240;24.619
10.09.2021;131,380;127,160;131,380;126,000;13.224
09.09.2021;131,380;130,500;131,880;130,420;5.455
08.09.2021;132,300;130,900;133,000;130,500;8.951
07.09.2021;131,000;132,440;132,600;129,940;6.522
06.09.2021;130,780;130,600;130,780;130,000;11.925
03.09.2021;129,460;129,540;130,000;129,060;7.542
02.09.2021;129,340;129,000;130,520;128,800;9.111
01.09.2021;129,020;129,840;130,720;128,560;7.431
31.08.2021;129,840;129,020;129,980;128,200;8.703
30.08.2021;125,600;130,000;130,000;125,600;11.587
27.08.2021;126,000;125,680;126,180;124,800;2.732
26.08.2021;126,140;126,300;126,720;125,600;3.312
25.08.2021;127,500;125,680;128,080;125,680;7.916
24.08.2021;127,520;127,540;128,360;127,080;6.526
23.08.2021;127,480;127,660;127,780;126,160;9.238
20.08.2021;125,480;126,560;127,080;124,920;3.659
19.08.2021;125,020;126,000;126,640;123,480;10.251
18.08.2021;128,360;126,540;128,560;126,540;6.786
17.08.2021;128,000;127,580;129,120;127,500;9.154
16.08.2021;126,200;127,500;127,500;124,540;5.907
13.08.2021;126,480;126,280;127,100;125,800;7.206
12.08.2021;123,720;126,260;126,540;123,720;10.491
11.08.2021;124,500;124,500;124,740;123,720;3.412
10.08.2021;124,060;124,300;125,900;124,060;11.552
09.08.2021;124,200;124,400;124,560;123,700;3.213
06.08.2021;123,820;124,100;125,000;123,760;4.448
05.08.2021;124,380;124,560;124,900;123,500;6.165
04.08.2021;124,200;124,200;124,700;123,500;10.775
03.08.2021;122,500;124,700;124,700;122,340;7.128
02.08.2021;123,980;123,060;124,160;122,460;8.015
30.07.2021;121,500;122,940;122,940;121,000;8.490
29.07.2021;122,740;122,560;123,240;121,800;9.609
28.07.2021;122,400;122,340;124,320;121,000;14.600
27.07.2021;126,500;123,500;126,780;123,060;7.778
26.07.2021;125,140;126,360;126,880;125,140;14.600
23.07.2021;125,020;126,180;126,240;125,000;8.562
22.07.2021;122,900;125,360;125,640;122,900;8.128
21.07.2021;124,180;123,240;124,520;122,960;10.480
20.07.2021;121,500;124,860;124,860;121,000;7.254
19.07.2021;123,800;120,380;124,180;119,900;17.254
16.07.2021;125,300;125,020;126,760;124,600;8.087
15.07.2021;125,880;125,100;126,880;125,000;12.763
14.07.2021;124,000;125,840;126,380;123,740;12.410
13.07.2021;122,000;123,540;124,860;121,380;20.266
12.07.2021;121,400;121,800;123,340;121,400;10.597
09.07.2021;120,500;122,420;122,640;120,240;6.594
08.07.2021;122,480;121,480;122,640;118,680;22.986
07.07.2021;120,200;122,340;122,500;119,900;15.216
06.07.2021;118,000;120,000;120,840;117,620;21.395
05.07.2021;117,600;117,740;118,380;117,220;14.067
02.07.2021;115,780;117,660;117,820;115,480;15.548
01.07.2021;115,880;115,000;115,880;114,640;13.134
30.06.2021;114,600;115,600;115,600;114,040;20.200
29.06.2021;112,560;114,680;114,720;112,560;5.913
28.06.2021;111,760;113,140;113,300;110,520;6.260
25.06.2021;111,620;111,800;111,980;111,280;5.740
24.06.2021;112,540;111,980;112,740;111,840;8.327
23.06.2021;112,420;112,060;112,620;111,720;5.000
22.06.2021;110,840;111,720;111,720;110,320;9.514
21.06.2021;109,340;111,040;111,040;108,640;7.712
18.06.2021;110,840;110,140;111,100;110,000;11.401
17.06.2021;107,500;110,720;111,000;107,500;9.675
16.06.2021;107,060;107,580;107,900;106,860;6.876
15.06.2021;107,160;107,180;107,840;106,900;6.473
14.06.2021;105,200;107,220;107,220;104,900;5.695
11.06.2021;103,500;105,000;105,100;103,500;13.215
10.06.2021;104,480;103,980;105,000;103,700;3.129
09.06.2021;104,020;104,480;104,480;103,920;5.569
08.06.2021;103,520;103,940;105,340;103,320;24.218
07.06.2021;103,780;102,760;103,880;102,460;15.750
04.06.2021;102,020;103,280;103,560;101,780;5.790
03.06.2021;102,780;101,960;102,980;101,500;6.566
02.06.2021;101,900;101,760;102,540;101,600;7.661
01.06.2021;102,200;101,820;102,700;101,400;6.455
31.05.2021;102,380;102,100;102,580;101,620;11.325
28.05.2021;103,480;102,300;103,660;102,300;7.977
27.05.2021;103,760;103,860;104,520;103,140;6.224
26.05.2021;104,300;103,900;104,300;103,580;5.868
25.05.2021;104,840;103,660;104,840;103,500;9.807
21.05.2021;104,500;103,360;105,000;103,040;9.637
20.05.2021;102,500;104,000;104,300;101,880;5.038
19.05.2021;103,000;101,880;103,000;100,640;21.632
18.05.2021;104,780;103,260;105,140;103,260;6.559
17.05.2021;105,460;103,200;105,460;103,200;6.110
14.05.2021;104,760;104,780;104,840;103,860;4.826
13.05.2021;101,360;103,680;104,020;100,620;4.276
12.05.2021;102,860;101,780;103,760;101,500;13.288
11.05.2021;103,920;103,420;103,920;101,000;21.982
10.05.2021;107,760;105,380;107,760;105,260;8.870
07.05.2021;107,700;107,180;108,480;106,980;7.460
06.05.2021;106,780;106,760;107,260;105,540;7.756
05.05.2021;106,260;107,840;108,460;106,220;10.690
04.05.2021;110,000;105,560;110,000;105,460;17.167
03.05.2021;109,600;109,760;111,000;109,220;13.782
30.04.2021;109,980;109,660;110,780;108,880;8.652
29.04.2021;113,600;110,200;113,660;109,460;23.118
28.04.2021;111,660;110,820;111,780;110,000;7.077
27.04.2021;111,940;111,460;112,300;111,200;6.195
26.04.2021;111,460;111,160;111,660;110,600;6.341
23.04.2021;109,620;111,560;111,640;109,420;4.457
22.04.2021;111,520;109,600;111,600;109,600;5.797
21.04.2021;110,580;110,620;110,800;109,000;6.225
20.04.2021;112,560;110,700;112,560;109,980;11.555
19.04.2021;112,000;111,740;112,460;110,940;8.069
16.04.2021;112,800;111,500;112,800;111,500;7.382
15.04.2021;110,300;112,520;112,620;110,300;8.450
14.04.2021;113,200;111,040;113,200;111,000;11.911
13.04.2021;110,020;112,360;112,560;109,860;9.705
12.04.2021;111,120;110,540;111,920;109,800;9.698
09.04.2021;109,460;111,120;111,200;108,980;9.259
08.04.2021;108,500;108,940;109,120;108,160;11.508
07.04.2021;106,500;107,080;107,220;105,520;10.331
06.04.2021;106,860;106,440;107,220;105,780;18.924
01.04.2021;104,840;104,240;105,480;104,240;5.784
31.03.2021;103,000;104,880;105,160;102,800;19.330
30.03.2021;103,000;102,400;103,300;101,480;7.330
29.03.2021;102,600;103,640;103,640;101,920;8.391
26.03.2021;103,180;101,000;103,280;101,000;8.306
25.03.2021;102,160;101,520;102,800;100,480;7.258
24.03.2021;103,220;102,700;104,460;102,300;14.001
23.03.2021;103,000;103,260;104,420;102,820;10.487
22.03.2021;101,700;103,420;103,720;100,980;11.224
19.03.2021;101,500;100,920;102,180;100,840;13.333
18.03.2021;105,000;101,860;105,000;101,740;12.316
17.03.2021;105,000;104,360;105,500;102,940;9.265
16.03.2021;104,500;105,140;106,760;104,340;12.526
15.03.2021;100,500;103,240;103,680;100,500;20.898
12.03.2021;102,500;101,320;102,500;100,000;15.885
11.03.2021;102,000;101,840;103,000;101,020;19.720
10.03.2021;101,980;100,920;102,420;100,480;18.592
09.03.2021;98,800;102,480;102,480;98,800;21.009
08.03.2021;101,800;98,700;101,840;98,700;28.262
05.03.2021;99,910;101,220;101,580;98,810;22.206
04.03.2021;99,500;99,450;102,400;99,450;24.835
03.03.2021;104,020;102,060;105,380;102,000;13.349
02.03.2021;107,200;104,200;107,200;104,000;13.276
01.03.2021;103,300;105,060;105,100;102,000;20.152
26.02.2021;97,500;102,260;103,220;97,110;35.198
25.02.2021;102,920;100,440;103,780;99,110;21.729
24.02.2021;102,980;102,980;104,960;100,880;17.241
23.02.2021;103,520;102,360;104,280;98,840;73.626
22.02.2021;106,400;104,880;106,480;103,800;33.280
19.02.2021;106,500;106,660;107,820;106,260;14.536
18.02.2021;108,960;106,500;108,960;105,580;16.155
17.02.2021;110,000;108,560;110,420;107,600;19.309
16.02.2021;112,760;109,860;112,760;109,860;12.839
15.02.2021;113,000;112,440;113,000;111,500;9.490
12.02.2021;111,200;110,600;111,620;110,520;8.845
11.02.2021;111,960;110,840;112,240;110,440;17.859
10.02.2021;113,000;111,400;113,140;111,100;8.058
09.02.2021;113,200;112,820;113,920;112,500;13.678
08.02.2021;113,600;112,900;114,680;112,000;22.844
05.02.2021;115,120;113,840;115,560;113,240;14.970
04.02.2021;113,020;113,880;114,100;112,500;15.211
03.02.2021;112,000;112,080;113,080;111,300;20.857
02.02.2021;112,000;112,380;113,180;111,500;26.454
01.02.2021;110,600;111,660;112,160;108,520;32.110
29.01.2021;111,800;108,600;112,840;107,480;32.762
28.01.2021;112,940;115,460;117,060;111,540;50.529
27.01.2021;118,640;118,400;119,600;117,260;22.023
26.01.2021;117,900;117,700;118,560;116,440;29.266
25.01.2021;115,600;117,440;119,580;114,000;48.977
22.01.2021;112,300;113,680;113,720;110,940;22.678
21.01.2021;109,880;112,060;112,220;109,220;26.087
20.01.2021;106,460;109,000;109,340;105,660;14.854
19.01.2021;106,400;105,480;106,800;104,700;8.801
18.01.2021;105,800;106,000;106,580;105,300;11.114
15.01.2021;106,180;106,640;107,400;105,500;12.297
14.01.2021;107,960;106,520;108,060;106,520;12.529
13.01.2021;106,000;107,500;108,080;105,200;15.963
12.01.2021;106,500;105,320;106,920;104,600;23.317
11.01.2021;107,320;106,400;108,340;105,920;28.941
08.01.2021;107,580;107,500;108,440;106,520;25.250
07.01.2021;104,780;106,260;106,740;103,800;18.454
06.01.2021;105,700;104,920;106,560;103,140;12.748
05.01.2021;105,500;106,120;107,300;104,680;11.959
04.01.2021;109,500;105,540;109,500;103,720;29.497
30.12.2020;110,120;110,360;110,940;110,120;10.762
29.12.2020;112,100;111,120;113,180;110,760;36.304
28.12.2020;109,500;111,660;111,780;108,520;24.991
23.12.2020;108,440;108,480;108,920;107,260;13.176
22.12.2020;106,000;109,200;109,920;105,800;27.613
21.12.2020;104,480;103,660;104,480;101,260;9.790
18.12.2020;104,900;103,720;105,520;103,720;11.349
17.12.2020;104,980;104,620;105,440;104,400;20.176
16.12.2020;104,940;104,880;105,440;103,860;14.172
15.12.2020;100,200;104,240;104,400;100,200;10.561
14.12.2020;100,000;100,900;101,520;100,000;12.141
11.12.2020;101,260;100,200;101,440;99,510;7.463
10.12.2020;100,700;101,520;102,160;99,200;11.566
09.12.2020;103,100;101,140;104,000;100,960;20.305
08.12.2020;102,000;103,080;103,080;101,640;17.822
07.12.2020;101,200;102,300;102,440;100,600;17.851
04.12.2020;101,800;100,260;101,800;99,980;7.045
03.12.2020;101,200;101,200;102,100;100,720;7.285
02.12.2020;101,400;101,720;101,920;100,180;15.000
01.12.2020;101,940;102,200;102,560;99,990;14.370
30.11.2020;97,400;100,280;100,280;97,000;28.196
27.11.2020;98,460;97,680;98,460;97,200;7.202
26.11.2020;97,700;97,820;98,410;97,690;8.807
25.11.2020;97,010;97,470;98,000;96,650;17.126
24.11.2020;97,390;97,330;97,390;95,050;21.955
23.11.2020;99,700;96,870;99,700;96,350;20.280
